F:\coco128_voc/JPEGImages/000000000139.jpg 358,218,414,320,56 290,218,352,316,56 413,223,443,304,56 317,219,338,230,56 412,157,465,295,0 384,172,399,207,0 512,205,526,221,68 493,174,513,282,72 604,305,619,351,73 613,308,626,354,73 447,121,461,143,74 549,309,585,399,75 350,208,362,231,75 412,219,421,231,56 241,194,255,212,75 336,199,346,216,75
F:\coco128_voc/JPEGImages/000000000285.jpg 1,68,586,632,21
F:\coco128_voc/JPEGImages/000000000632.jpg 3,266,404,475,59 455,192,464,228,73 453,252,461,286,73 444,297,450,337,73 505,191,518,227,73 487,199,494,227,73 244,230,349,318,56 460,191,490,227,73 527,248,551,289,73 519,193,523,227,73 497,55,501,82,73 524,97,527,135,73 493,155,525,162,73 454,245,503,257,73 461,253,470,286,73 416,43,569,346,73
F:\coco128_voc/JPEGImages/000000000724.jpg 120,71,254,224,11 123,279,145,309,7 128,267,141,275,2 202,259,221,285,11
F:\coco128_voc/JPEGImages/000000000776.jpg 1,56,345,527,77 2,278,320,632,77 94,5,427,550,77 1,0,428,640,59
F:\coco128_voc/JPEGImages/000000000785.jpg 280,44,499,391,0 205,362,615,400,30
F:\coco128_voc/JPEGImages/000000000802.jpg 245,185,410,541,72 33,289,159,520,69
F:\coco128_voc/JPEGImages/000000000872.jpg 408,172,427,188,32 145,100,437,558,0 163,126,429,606,0 368,157,426,203,35
F:\coco128_voc/JPEGImages/000000000885.jpg 277,189,417,398,0 281,89,392,259,0 595,25,639,253,0 434,0,467,13,0 287,0,332,11,0 400,268,481,308,38 541,1,607,11,0 1,0,60,9,0 499,0,574,14,0
F:\coco128_voc/JPEGImages/000000001000.jpg 47,303,94,390,38 20,226,73,348,26 196,224,267,341,26 115,152,198,380,0 405,120,443,165,0 265,95,354,411,0 209,174,308,423,0 504,191,640,480,0 410,208,525,480,0 380,159,469,479,0 330,154,413,468,0 410,107,498,228,0 183,121,279,394,0 209,163,271,221,24 42,223,98,274,24 52,185,111,397,0 349,118,402,159,0
F:\coco128_voc/JPEGImages/000000001268.jpg 192,224,267,258,14 124,124,264,141,8 0,129,105,144,8 23,213,76,282,0 501,77,640,421,0 402,205,467,293,0 0,209,24,289,0 528,180,558,199,67 21,231,44,282,24 492,197,595,425,26 291,86,413,143,8
F:\coco128_voc/JPEGImages/000000001296.jpg 299,143,371,278,67 371,408,389,424,74 7,1,427,635,0 262,25,409,238,0
F:\coco128_voc/JPEGImages/000000001353.jpg 66,323,256,462,6 214,154,281,283,0 148,136,224,189,0 138,198,266,382,0 62,213,178,356,0 133,180,210,253,0 188,182,220,245,0
F:\coco128_voc/JPEGImages/000000001425.jpg 64,184,440,403,48 486,182,640,383,45
F:\coco128_voc/JPEGImages/000000001490.jpg 448,118,499,241,0 359,230,578,245,37
F:\coco128_voc/JPEGImages/000000001503.jpg 0,99,126,235,63 120,177,158,200,64 161,152,315,197,66 305,154,319,164,64
F:\coco128_voc/JPEGImages/000000001532.jpg 1,369,119,472,2 501,397,551,443,2 200,401,233,427,2 106,375,185,435,2 225,391,245,406,7 426,399,490,454,2 405,402,431,429,2 225,361,420,480,2
F:\coco128_voc/JPEGImages/000000001584.jpg 126,90,524,535,5 190,304,249,370,0 435,338,451,363,0 298,334,333,368,0 174,170,203,193,0 297,160,322,181,0 121,389,128,410,0 568,316,612,404,5 91,388,104,423,0 212,168,230,189,0 78,377,97,430,0 101,397,115,429,0 113,391,126,430,0 502,315,566,385,5
F:\coco128_voc/JPEGImages/000000001675.jpg 0,14,640,307,15 61,367,569,473,66
F:\coco128_voc/JPEGImages/000000001761.jpg 11,615,16,627,0 4,616,11,626,0 15,614,21,627,0 36,625,41,632,0 21,617,28,627,0
F:\coco128_voc/JPEGImages/000000001818.jpg 178,1,640,425,22 0,1,637,425,22
F:\coco128_voc/JPEGImages/000000001993.jpg 258,194,614,414,59 109,250,227,408,56 0,298,35,408,56
F:\coco128_voc/JPEGImages/000000002006.jpg 46,80,609,426,5 313,189,377,256,0 5,252,50,361,0 334,218,347,234,27 27,272,32,304,27 9,51,33,76,0 55,0,69,31,9 121,65,127,76,9
F:\coco128_voc/JPEGImages/000000002149.jpg 0,71,639,421,45 96,94,339,325,47
F:\coco128_voc/JPEGImages/000000002153.jpg 283,274,466,445,0 371,207,433,405,0 372,184,459,236,34 174,0,239,119,0 275,302,379,436,0
F:\coco128_voc/JPEGImages/000000002157.jpg 214,285,328,401,43 403,211,515,283,43 16,173,269,366,55 230,52,291,201,40 138,27,200,169,40 46,17,113,161,40 91,87,157,171,40 163,68,233,176,40 113,15,166,92,40 0,69,50,133,40 50,60,110,154,40 237,48,300,178,40 3,118,63,214,41 490,166,556,233,41 216,310,408,422,43
F:\coco128_voc/JPEGImages/000000002261.jpg 283,152,381,271,0 265,250,351,296,37
F:\coco128_voc/JPEGImages/000000002299.jpg 101,226,109,242,27 330,59,337,73,27 409,61,416,76,27 186,60,192,70,27 70,189,134,301,0 139,190,211,298,0 204,187,270,288,0 257,192,330,287,0 327,190,390,285,0 387,193,449,292,0 394,127,435,219,0 331,131,398,248,0 322,129,361,201,0 60,32,113,139,0 99,80,146,154,0 431,134,473,275,0 174,228,180,241,27 234,220,245,235,27 292,228,298,236,27 231,57,237,69,27 279,47,292,60,27 284,118,325,227,0 0,18,499,281,0
F:\coco128_voc/JPEGImages/000000002431.jpg 307,1,430,209,40 106,391,234,567,41 357,415,457,632,41 180,117,244,193,43 44,377,183,468,44 437,480,454,496,44 102,0,204,120,0 0,0,80,135,0
F:\coco128_voc/JPEGImages/000000002473.jpg 243,93,374,243,0 436,280,498,380,0 119,341,143,385,0 32,328,58,355,0 285,216,328,266,30
F:\coco128_voc/JPEGImages/000000002532.jpg 182,305,284,473,0 206,443,266,491,30
F:\coco128_voc/JPEGImages/000000002587.jpg 52,0,450,357,46 172,10,417,266,54
F:\coco128_voc/JPEGImages/000000002592.jpg 222,34,432,247,41 27,216,616,314,43
F:\coco128_voc/JPEGImages/000000002685.jpg 105,277,150,352,39 121,272,180,336,39 137,263,176,311,39 160,248,179,285,39 168,237,185,265,39 140,256,177,290,39 175,235,185,252,39 315,56,638,440,0 281,98,454,344,0 25,218,212,549,0 183,122,316,190,0 154,247,178,288,39 78,189,108,227,40 367,200,386,218,41 401,7,607,344,0 502,255,542,314,26 283,147,297,154,40 140,315,174,352,41 161,132,516,547,0
F:\coco128_voc/JPEGImages/000000002923.jpg 270,242,281,255,14 135,236,144,251,14 170,158,183,165,14 246,189,309,206,8 112,191,143,214,8 24,196,52,214,8 464,146,500,216,8
F:\coco128_voc/JPEGImages/000000003156.jpg 4,15,366,635,0 0,162,61,223,71 255,248,443,615,61
F:\coco128_voc/JPEGImages/000000003255.jpg 246,319,257,357,0 261,311,273,356,0 271,313,289,358,0 295,313,317,352,0 276,353,290,358,30 257,343,263,354,24 271,318,282,337,24 235,317,244,355,0 307,332,317,349,24 242,315,250,357,0
F:\coco128_voc/JPEGImages/000000003501.jpg 125,67,263,223,50 74,174,257,361,50 12,8,603,583,45
F:\coco128_voc/JPEGImages/000000003553.jpg 153,0,420,308,0 186,262,367,371,36
F:\coco128_voc/JPEGImages/000000003661.jpg 61,0,553,348,46 0,163,115,207,66 567,19,640,240,41
F:\coco128_voc/JPEGImages/000000003845.jpg 105,0,183,55,41 137,44,424,93,42 121,206,178,270,50 171,186,266,257,50 49,162,103,207,50 191,251,259,318,51 258,189,296,262,51 170,83,205,136,51 108,85,162,122,51 144,44,422,88,44 211,136,278,197,51
F:\coco128_voc/JPEGImages/000000003934.jpg 31,74,102,318,0 295,132,325,207,0 93,89,155,168,0 153,127,164,139,41 186,209,217,222,65 162,303,213,311,65 152,82,204,225,0 202,106,233,232,0 219,280,238,309,40 352,157,363,177,40 362,160,374,175,40 61,149,208,466,0 259,142,278,163,0
F:\coco128_voc/JPEGImages/000000004134.jpg 397,191,435,361,27 236,45,584,420,0 42,44,320,419,0 258,165,275,203,0 303,123,333,270,0 469,109,527,180,0 576,106,636,316,0 0,110,70,269,0 257,186,310,269,0 190,118,231,255,0 224,255,240,280,40 221,243,235,277,40 21,247,36,278,40 237,129,266,206,0 19,148,35,219,27 322,147,329,164,27 242,198,249,215,40 255,231,295,270,56 277,182,298,214,56 516,142,537,180,0 551,149,640,425,0 289,171,300,195,56 346,136,382,200,0
F:\coco128_voc/JPEGImages/000000004395.jpg 176,275,273,631,27 1,1,425,638,0
F:\coco128_voc/JPEGImages/000000004495.jpg 4,148,154,327,56
F:\coco128_voc/JPEGImages/000000004765.jpg 212,126,403,385,0 257,335,540,423,37
F:\coco128_voc/JPEGImages/000000004795.jpg 152,113,548,477,15 0,192,174,474,63
F:\coco128_voc/JPEGImages/000000005001.jpg 173,204,281,443,76 10,32,69,201,0 225,255,352,480,0 77,244,190,479,0 41,95,148,474,0 119,81,188,269,0 50,58,135,142,0 171,31,251,185,0 297,50,355,137,0 211,88,335,281,0 354,91,517,470,0 434,40,505,160,0 424,22,469,93,0 535,275,594,347,26 500,159,545,258,1 208,61,297,210,0 450,334,470,392,76 523,26,639,314,0
F:\coco128_voc/JPEGImages/000000005037.jpg 99,20,574,372,5 572,248,600,267,2 28,226,44,246,0 18,221,30,247,0 9,222,21,246,0 595,242,613,271,0 191,147,244,206,0 48,223,61,247,0 623,217,640,361,0 592,248,603,261,2
F:\coco128_voc/JPEGImages/000000005060.jpg 231,370,242,389,67 159,309,324,498,0
F:\coco128_voc/JPEGImages/000000005193.jpg 138,113,247,394,0 1,89,218,420,0 223,63,260,186,0 377,98,580,289,0 289,171,409,400,0 239,64,337,414,37 460,73,564,337,37 369,97,389,172,39 360,220,487,374,0
F:\coco128_voc/JPEGImages/000000005477.jpg
F:\coco128_voc/JPEGImages/000000005503.jpg 34,178,275,473,61
F:\coco128_voc/JPEGImages/000000005529.jpg 79,116,256,450,0 100,403,188,442,30
F:\coco128_voc/JPEGImages/000000005586.jpg 140,69,177,160,0 131,169,199,226,0 131,90,146,103,38 65,36,76,44,0 136,24,147,44,0 146,29,155,44,0 154,31,162,44,0 186,32,197,44,0 272,73,295,110,0 178,26,186,43,0 100,27,109,42,0 291,62,301,104,0 111,36,121,42,0 301,39,311,48,0 0,0,319,239,0
F:\coco128_voc/JPEGImages/000000005600.jpg 89,95,210,241,44 212,138,538,361,45 123,1,374,181,45
F:\coco128_voc/JPEGImages/000000005992.jpg 204,158,504,423,18 425,124,580,411,18 548,213,640,420,18 25,125,235,368,18 548,165,640,290,18
F:\coco128_voc/JPEGImages/000000006012.jpg 328,25,548,502,46 98,23,306,504,46
F:\coco128_voc/JPEGImages/000000006040.jpg 63,84,601,306,6 379,206,397,223,0 331,201,356,228,0 296,201,317,225,0 0,180,29,219,2 261,197,280,221,0 198,198,208,216,0 374,202,388,223,0 350,200,360,232,0 126,201,133,210,0 139,197,145,210,0 0,158,55,211,7
F:\coco128_voc/JPEGImages/000000006213.jpg 406,253,496,286,71 589,292,640,312,71
F:\coco128_voc/JPEGImages/000000006460.jpg 276,138,285,230,37 277,137,332,207,0
F:\coco128_voc/JPEGImages/000000006471.jpg 256,70,353,303,0 87,184,241,324,0 87,71,153,140,0 169,74,221,131,0 387,60,475,113,0 215,76,262,130,0 301,28,364,98,34 39,0,76,14,0 138,115,191,134,13 340,97,419,119,13 213,230,242,263,35 147,103,152,118,39 17,96,68,149,0 49,80,102,143,0 86,107,91,123,39 16,141,126,323,0
F:\coco128_voc/JPEGImages/000000006614.jpg 18,40,482,251,47 122,68,306,250,49
F:\coco128_voc/JPEGImages/000000006723.jpg 171,203,207,222,2 282,202,302,212,2 332,200,345,209,2 361,194,389,224,5 362,192,389,223,7 204,201,242,229,7
F:\coco128_voc/JPEGImages/000000006763.jpg 79,131,333,462,0 2,94,236,477,0 136,235,181,415,27 36,439,71,464,67 0,212,48,335,0
F:\coco128_voc/JPEGImages/000000006771.jpg 267,264,300,306,67 532,127,640,328,0 0,0,247,422,0 64,185,223,349,0 386,131,480,228,0 386,156,570,427,0 534,166,640,418,0 187,100,438,427,0 102,146,202,228,0
F:\coco128_voc/JPEGImages/000000006818.jpg 186,471,287,527,61
F:\coco128_voc/JPEGImages/000000006894.jpg 293,20,640,480,0 0,86,638,474,20
F:\coco128_voc/JPEGImages/000000006954.jpg 1,107,163,454,0 197,124,368,372,0 362,151,450,315,0 145,136,267,330,0 359,117,640,386,0 248,224,365,347,29 457,229,601,373,29
F:\coco128_voc/JPEGImages/000000007088.jpg 82,173,304,268,25 229,152,369,187,7 179,208,276,462,0 47,181,59,191,2
F:\coco128_voc/JPEGImages/000000007108.jpg 125,26,418,420,20 401,77,632,426,20 338,0,504,93,20 120,219,203,345,20 567,49,637,372,20
F:\coco128_voc/JPEGImages/000000007278.jpg 189,59,311,154,0 283,57,337,119,37
F:\coco128_voc/JPEGImages/000000007281.jpg 349,188,461,357,17 471,179,548,355,17 344,132,473,299,0 465,122,527,195,0 551,193,568,222,0 572,201,580,212,0 592,203,601,217,0 255,199,261,206,0 601,203,607,214,0 634,209,638,215,0 0,225,34,271,0 534,209,538,213,0
F:\coco128_voc/JPEGImages/000000007386.jpg 180,281,219,326,16 221,100,289,166,1 218,158,279,214,1 398,144,519,235,7
F:\coco128_voc/JPEGImages/000000007511.jpg 386,240,509,472,0 269,272,282,305,0 385,274,391,282,0 614,297,630,309,0 523,276,531,297,0 205,127,221,161,33 554,169,565,180,33 608,390,640,424,24 605,296,615,308,0 623,280,629,295,0 610,277,616,286,0 602,276,610,289,0 511,286,520,299,0 592,272,597,288,0 238,281,252,306,0 596,293,606,308,0 337,272,604,300,0
F:\coco128_voc/JPEGImages/000000007574.jpg 501,306,533,389,39 483,299,510,381,39 1,168,103,445,72 464,312,485,379,40 452,307,472,372,40 252,242,427,353,69 43,353,308,429,71 102,74,153,89,45 348,300,401,340,45 304,146,362,236,68 205,55,230,92,75 240,57,267,93,75
F:\coco128_voc/JPEGImages/000000007784.jpg 93,86,334,306,33
F:\coco128_voc/JPEGImages/000000007795.jpg 0,191,454,418,59 163,189,483,311,59 133,245,141,258,74 625,256,639,261,65
F:\coco128_voc/JPEGImages/000000007816.jpg 491,56,519,162,0 564,59,587,174,0 573,53,598,82,0 581,47,621,186,0 415,122,479,176,0 505,53,544,165,0 362,107,384,149,0 386,147,419,168,0 244,34,295,144,0 271,77,455,277,0
F:\coco128_voc/JPEGImages/000000007818.jpg 332,158,413,352,40 399,187,443,284,40 136,150,227,329,40 446,265,554,282,43 288,215,358,314,75 121,304,168,332,42 8,260,115,309,56 461,314,640,357,43 210,265,283,274,43 615,273,640,318,56
F:\coco128_voc/JPEGImages/000000007977.jpg 104,144,262,420,0 199,346,267,426,36 66,210,74,224,0 42,210,50,224,0 38,213,43,223,0 80,208,87,224,0
F:\coco128_voc/JPEGImages/000000007991.jpg 0,157,147,257,43 170,70,480,339,51 6,115,151,159,43
F:\coco128_voc/JPEGImages/000000008021.jpg 318,198,340,299,27 3,255,309,478,0 435,285,640,480,0 244,101,441,368,0 443,367,451,386,39 436,368,444,385,39 431,369,437,386,39
F:\coco128_voc/JPEGImages/000000008211.jpg 322,250,377,344,56 412,282,448,340,56 411,181,478,345,0 325,203,410,353,0 308,190,354,257,1
F:\coco128_voc/JPEGImages/000000008277.jpg 386,83,612,393,42 19,34,464,361,45 0,70,612,612,45 270,181,363,257,50 121,158,217,242,50 209,162,278,270,50 268,119,320,173,50 360,211,385,264,50 194,254,270,316,50 202,82,282,167,50 290,98,353,169,50 257,226,345,297,50 278,149,379,217,50
F:\coco128_voc/JPEGImages/000000008532.jpg 418,370,498,426,27 155,9,640,426,0
F:\coco128_voc/JPEGImages/000000008629.jpg 592,284,621,338,42 435,430,605,579,53 429,231,621,395,53 231,434,424,625,53 44,425,182,602,53 21,13,414,344,53 430,20,621,189,53
F:\coco128_voc/JPEGImages/000000008690.jpg 136,18,351,396,0 285,73,516,396,0 74,10,175,302,0 379,390,637,474,0 52,309,640,480,18
F:\coco128_voc/JPEGImages/000000008762.jpg 58,85,79,146,9 163,106,186,144,9 504,230,517,241,9 495,178,515,220,9 109,285,122,292,2 0,279,27,302,2 484,229,494,245,9
F:\coco128_voc/JPEGImages/000000008844.jpg 356,58,581,277,0 534,242,563,321,46 543,259,637,392,46 0,116,387,417,46 370,243,543,383,46 340,186,368,248,0 292,184,335,228,0
F:\coco128_voc/JPEGImages/000000008899.jpg 140,398,180,493,10 23,346,73,450,1
F:\coco128_voc/JPEGImages/000000009378.jpg 66,44,473,393,0 307,331,394,392,0 425,336,480,389,0 525,295,587,374,0 190,217,359,258,29 31,363,60,390,0 491,321,536,390,0 522,318,550,358,0 10,361,34,391,0 421,350,441,389,0
F:\coco128_voc/JPEGImages/000000009400.jpg 145,95,281,267,0 312,81,460,278,0 447,89,640,365,0 265,230,491,480,63 328,219,500,330,63 85,211,215,281,63 0,173,263,473,63 460,354,542,383,64 458,362,587,472,66 563,47,613,123,0 2,95,104,192,0 523,410,640,475,0 367,59,402,87,0 276,60,366,198,0 32,256,76,319,41 444,105,480,158,63 318,362,428,461,66 403,283,471,320,66 1,279,31,307,66 250,417,314,480,41 251,380,328,476,41 356,281,405,363,41 189,253,209,268,66 457,68,536,222,0
F:\coco128_voc/JPEGImages/000000009448.jpg 1,1,549,392,25 128,101,382,631,0
F:\coco128_voc/JPEGImages/000000009483.jpg 36,62,177,480,0 375,361,409,380,64 306,317,422,361,66
F:\coco128_voc/JPEGImages/000000009590.jpg 427,227,450,276,39 178,97,199,123,74 136,155,231,293,0 259,177,323,253,0 0,52,237,427,0 347,270,385,310,41 522,237,582,291,41 363,298,415,310,44 534,368,591,427,44 424,276,472,305,45 338,256,404,272,45 287,273,323,293,45 242,258,267,272,45 384,272,419,300,45 371,168,457,266,0 541,214,567,236,41 466,262,491,300,41 184,280,207,306,41 416,256,430,273,45 130,235,143,268,56 243,348,363,421,0 423,275,471,305,41 325,251,346,265,41 478,258,522,278,41 251,250,276,270,41 551,301,580,311,44 513,109,640,286,0 301,234,327,264,41
F:\coco128_voc/JPEGImages/000000009769.jpg 139,200,183,274,0 551,258,563,279,10 310,203,350,241,0 252,200,300,235,0 84,187,463,376,7
F:\coco128_voc/JPEGImages/000000009772.jpg 275,230,333,356,0 322,378,408,397,71 173,379,255,396,71
F:\coco128_voc/JPEGImages/000000009891.jpg 107,137,124,188,27 284,79,640,299,2 206,92,357,416,0 76,105,202,286,0 305,112,354,155,0 438,119,476,153,0 174,244,310,405,28 198,129,239,188,2 158,134,208,169,2 411,292,491,382,24 414,243,492,349,28 339,286,397,313,24 230,152,243,198,2
F:\coco128_voc/JPEGImages/000000009914.jpg 2,154,199,358,45 132,0,257,62,45 434,300,592,480,43 153,188,492,480,48 528,162,637,471,48 518,185,640,464,52
F:\coco128_voc/JPEGImages/000000010092.jpg 93,187,439,376,59 579,389,639,426,56 185,104,213,141,14 538,204,640,406,56
F:\coco128_voc/JPEGImages/000000010363.jpg 245,108,471,243,15 147,28,159,66,39 90,27,640,361,2 492,0,635,52,1
F:\coco128_voc/JPEGImages/000000010583.jpg 475,191,612,271,43 220,64,440,209,48 90,135,479,472,48
F:\coco128_voc/JPEGImages/000000010707.jpg 212,330,229,391,39 228,147,397,457,0 347,187,472,452,0 422,2,600,473,0 121,357,148,415,41 429,46,447,113,65 162,348,181,408,39 126,343,151,371,41 124,249,201,274,63 233,363,265,395,65 74,323,163,450,24 193,361,213,380,65
F:\coco128_voc/JPEGImages/000000010764.jpg 218,80,483,395,0 388,210,483,278,35
F:\coco128_voc/JPEGImages/000000010977.jpg 240,255,300,339,61 343,213,418,253,71
F:\coco128_voc/JPEGImages/000000010995.jpg 107,212,640,474,59
F:\coco128_voc/JPEGImages/000000011051.jpg 195,197,256,424,27 249,77,634,536,0 7,2,393,527,0
F:\coco128_voc/JPEGImages/000000011122.jpg 250,162,329,244,11
F:\coco128_voc/JPEGImages/000000011149.jpg 198,91,422,272,1 0,3,75,121,0 417,1,500,315,0 88,58,199,230,1
F:\coco128_voc/JPEGImages/000000011197.jpg 553,162,601,191,1 400,153,486,194,2 172,143,212,167,2 309,112,362,253,0 17,112,44,186,0 567,146,590,191,0 179,68,187,87,9 248,19,284,58,9 219,73,229,90,9 302,119,314,131,0 89,95,95,105,9 42,94,50,109,9 4,140,24,174,24 558,106,571,116,9 578,152,595,166,24 300,128,320,245,0
F:\coco128_voc/JPEGImages/000000011511.jpg 90,38,130,190,0 139,32,189,172,0 35,44,85,190,0 37,227,315,415,13 286,348,398,433,26 448,260,516,364,26 24,95,48,149,26 90,78,101,104,26 1,51,62,214,0
F:\coco128_voc/JPEGImages/000000011615.jpg 289,165,355,203,7
F:\coco128_voc/JPEGImages/000000011699.jpg 187,99,432,632,0 60,82,223,418,0 5,240,57,308,0 257,218,366,483,26 1,399,279,632,28 8,172,128,404,26
F:\coco128_voc/JPEGImages/000000011760.jpg 453,87,605,418,22 268,100,388,396,22 35,99,215,387,22
F:\coco128_voc/JPEGImages/000000011813.jpg 0,332,94,390,56 0,386,168,467,63
F:\coco128_voc/JPEGImages/000000012062.jpg 130,70,565,279,18 0,174,270,422,18 344,292,640,418,18 601,58,640,131,32
F:\coco128_voc/JPEGImages/000000012120.jpg 389,200,394,204,32 375,19,386,33,56 359,18,371,33,56 349,7,360,19,56 103,131,127,141,38 3,235,61,311,0 89,112,119,178,0 568,84,586,120,0 555,90,572,116,0 532,86,559,117,0 512,76,537,100,0 447,77,468,105,0 482,92,504,125,0 518,96,535,115,0 487,220,502,239,38 299,7,312,21,56 375,8,387,22,56 131,27,148,36,56 472,123,480,155,56 632,103,640,124,0 496,75,510,102,0 512,124,531,142,0 482,208,547,324,0 285,7,297,22,56 1,0,639,289,0
F:\coco128_voc/JPEGImages/000000012280.jpg 143,241,193,369,0 174,313,224,372,28 339,250,353,312,0 307,280,318,298,0
F:\coco128_voc/JPEGImages/000000012576.jpg 140,200,217,345,41 364,209,455,377,41 317,287,480,312,42 392,403,480,493,43 0,375,449,640,53 272,118,311,194,41 381,112,426,171,41 2,319,143,337,42 306,190,480,234,53 87,173,251,228,53 193,15,285,151,0 419,370,480,441,42 288,302,480,320,43
F:\coco128_voc/JPEGImages/000000012639.jpg 21,310,182,556,0 23,201,106,255,0 67,172,100,231,0 86,177,113,209,0 121,189,153,230,0 169,163,201,231,0 230,192,250,262,34 311,134,332,216,0 327,170,359,220,0 132,349,184,399,35 410,125,467,292,0 275,193,290,205,0 154,193,170,231,0 98,193,146,247,0 198,204,317,518,0 22,144,309,227,0
F:\coco128_voc/JPEGImages/000000012667.jpg 283,48,447,290,46
F:\coco128_voc/JPEGImages/000000012670.jpg 301,212,391,348,77 324,232,331,255,24 302,73,325,109,24 263,46,340,242,0 505,103,573,202,0 334,289,443,422,0 383,219,494,414,0 238,262,363,428,0 134,262,283,422,0 40,230,154,428,0 0,266,70,422,0 104,118,196,298,0 220,156,294,339,0 315,172,393,259,0 419,162,477,293,0 556,336,629,428,24 0,217,52,276,24 549,64,578,116,24 433,230,465,277,24 349,73,396,168,0 132,193,192,304,26 154,364,201,427,26 579,131,638,224,26 521,76,542,111,26 312,39,325,74,26 129,157,140,171,67 286,243,305,271,24 360,388,427,427,26 1,0,639,427,0
F:\coco128_voc/JPEGImages/000000012748.jpg 1,50,241,555,17 217,188,480,632,0 220,138,480,632,0
F:\coco128_voc/JPEGImages/000000013004.jpg 44,72,343,290,46
F:\coco128_voc/JPEGImages/000000013177.jpg 269,2,381,198,1 301,61,616,412,0
F:\coco128_voc/JPEGImages/000000013201.jpg 93,86,319,510,0 107,427,175,523,36
F:\coco128_voc/JPEGImages/000000013291.jpg 288,138,499,300,0 238,135,319,282,0 41,66,166,298,0 90,151,135,194,29 217,185,250,221,29 182,195,215,232,29 252,165,294,206,29 159,136,244,267,0
